199846
837764
130502
154455
548495
777727
75864
228462
949832
739329
137183
915099
714768
46419
562668
361964
216574
912774
931016
809940
874615
11183
838553
185049
426374
849890
801491
82920
218518
232124
770416
955976
213260
230352
730171
339789
128045
831128
684688
486779
807847
621648
310712
209711
372942
390026
774734
195426
181563
924382
791923
790691
720258
65096
652237
738072
840748
160015
868644
551458
288328
172949
675232
883974
189320
715902
815763
491073
70063
912151
878534
408736
193769
610115
362346
61233
248108
366534
220866
853304
172477
641885
471755
902424
473031
850054
694413
628565
913012
987240
131817
467606
202501
199695
498076
356823
301848
589595
205062
650295
345307
583072
539802
244532
550957
905793
775941
124793
496662
973809
821054
427612
792133
631438
289939
209338
311926
656040
226100
517800
734257
776805
522887
709456
432695
695531
976004
650795
199087
115391
271121
726505
129881
867295
293587
710404
122106
126474
413392
44620
631110
837435
63101
764621
986829
567456
983474
450717
273865
982696
505746
374960
44971
207230
86491
525765
948756
270361
302403
403683
18155
432790
740169
733092
264956
607839
123031
771918
293177
678761
735120
650577
953250
125645
362408
91680
217475
180366
259938
33464
252617
266741
859197
164482
105290
450483
469448
404044
424507
375965
430883
561194
49990
184672
290189
210721
833467
934881
39743
285486
774586
376816
95378
303226
14462
681893
294789
694666
290796
169927
663416
81072
188122
117073
178809
56085
649800
176075
125759
975128
867908
686225
825963
513380
313461
609771
972296
862278
266482
714023
893940
491586
124758
336719
104864
917742
875040
25140
113095
849566
678660
632613
707317
34414
87941
809811
630758
908692
569191
985090
232104
701049
97692
335300
597743
506013
555125
880608
480979
605898
363779
354265
126385
511022
214546
745662
783414
133964
208424
679911
196818
123913
537076
44949
182815
990267
946503
284549
454369
31645
562864
168471
52994
838301
21496
873403
571980
187089
830664
322544
449585
371295
891456
589730
273585
367949
989745
784528
752694
702106
408154
522221
773656
154106
818977
331662
550426
549801
680650
176824
986551
455734
899514
31444
215504
719685
976452
487790
601539
176704
660739
238830
851157
156467
937581
632339
850959
298701
512865
779387
559165
964867
176846
705391
115496
590693
969155
270601
813575
658925
12892
98875
70621
478412
712473
557048
487969
288641
733419
246241